<?xml version="1.0"?>
<opencv_storage>
<intrinsic_matrix type_id="opencv-matrix">
  <rows>3</rows>
  <cols>3</cols>
  <dt>d</dt>
  <data>
    835.5488244971563700 0. 314.7894786390480100 0. 822.5320854498639800
    194.3241414808548500 0. 0. 1.</data></intrinsic_matrix>
<distortion type_id="opencv-matrix">
  <rows>4</rows>
  <cols>1</cols>
  <dt>d</dt>
  <data>
    0.1865277341792070 -0.8657314915024580 0.0103169189163907
    -3.0184952528909664e-003</data></distortion>
<width>640</width>
<height>480</height>
</opencv_storage>
